184888
638386
672641
202900
922754
286933
505539
848365
687191
904851
198410
447154
825746
873263
629425
430250
914029
618841
670445
581901
567220
594646
773681
981845
453382
366974
599135
726523
576756
239579
970978
966587
670255
939882
872207
13334
915270
788255
717493
353676
292971
74190
166193
471190
313731
629555
75340
536522
21015
658263
229320
713585
12350
398725
404967
458498
555259
529586
683939
587081
96687
721619
722052
562780
418133
768480
522825
745512
320719
398619
860352
146481
855554
309264
801747
13776
603572
474033
876947
206947
248586
521115
947445
959934
154228
422110
532267
232312
495155
358836
704047
928323
823074
459872
528
258723
135075
292652
390608
985433
704382
980143
835569
34721
799398
975851
45106
628110
535501
871950
132061
145348
790236
150830
982921
386047
421383
551743
879911
930067
805319
392942
345576
688502
393362
511768
714953
667291
529615
712822
191957
941973
603403
956465
555980
118334
83111
965540
908358
440852
776487
912721
188235
39135
231569
965298
845314
377264
439800
391673
620174
87997
692836
780749
984390
23933
439873
39586
549017
625911
805248
235489
233652
328290
782825
11548
697289
336809
761080
254465
920382
61648
240625
688219
253276
990246
589665
496853
659807
106374
146372
584245
933068
245154
73189
536069
420964
385237
39466
607198
66217
110075
893622
59078
618482
681320
298261
837107
955565
687997
823840
140116
239056
707690
300602
942291
289149
989588
265658
276122
992070
809715
557951
181382
84300
740160
969395
88825
435240
194862
738887
503499
290579
67881
914169
565547
762301
623322
501010
196719
31129
32279
202442
51292
457528
719522
176202
855725
897105
762324
798753
868913
444516
254390
794922
702527
928855
657932
79
58196
143698
25555
502808
483304
433819
129345
787928
627856
695850
88789
499485
674709
627997
303089
305942
188665
132436
44792
235147
651980
406063
726351
938022
765426
403559
682451
799402
476761
15013
950699
782257
629725
335049
157201
479141
23052
617612
392918
316242
341955
781448
268326
113587
907297
129433
349070
781692
699214
920494
933462
752771
142226
445354
311466
652504
348426
284098
656362
366496
506338
646466
345016
509007
214146
153814
278025
391712
645421
402504
53064
126197
710635
964099
478417
512850
980882
583672
423767
27596
725689
211379
280609
216861
645980
163038
238393
908557
507859
9765
991252
486003
453096
412383
597607
838937
927656
490690
893501
129904
88331
764153
513975
881089
383259
707458
483041
162686
242057
614994
524793
518299
887773
308250
810079
349616
295326
561801
165936
739601
799619
915213
648481
232303
136355
208040
558471
720054
232143
276907
424353
179410
984243
506022
972090
655789
489856
247661
859888
42071
360806
199102
315466
911822
559709
540778
313569
716402
366829
594093
95292
12579
151781
937787
310764
680260
969119
212887
813643
677849
962698
81048
462500
198246
552847
518212
391446
839825
795224
397780
473484
667541
258436
236299
300695
201685
812285
54243
752025
977379
356101
336021
748809
287853
344817
306477
832558
63128
349130
178111
399580
481760
458912
322335
155975
424692
724908
50000
599566
812746
936104
456684
862550
900498
154508
594033
984804
338299
863824
437088
473101
56831
246553
512483
48675
453275
142662
253450
900471
875032
180266
888593
615616
746466
841661
408670
632149
357672
509884
140122
472114
360096
240693
964392
317665
966518
37608
671565
706220
15676
796743
195242
431803
519303
508169
252369
875927
899622
878945
162814
917535
645138
596996
342804
26663
491397
262267
142644
414729
956207
275252
115932
482027
215518
985594
551240
150096
259239
533351
879652
366552
388419
173431
212815
824646
418545
940360
222508
428473
336819
367485
540079
785040
187766
112606
300601
779142
108875
846155
25655
424030
304361
501340
963227
107748
549083
566193
84999
343352
791609
260290
595575
466887
559776
883072
92867
788449
118321
776581
993772
630609
397942
724072
877146
775296
118095
854460
494077
727342
818699
806930
146467
951145
940206
587165
749618
49468
255231
121593
134760
92640
827746
657872
941516
117007
96230
267984
263575
649299
27400
886208
318127
71007
875460
363905
338896
32611
182369
60548
835485
234639
266714
302240
825177
876445
883066
82194
805112
139885
415026
325638
759779
540236
706314
682661
296889
690267
703384
762126
372585
929363
581562
336275
268163
235910
960951
137284
16120
349708
475980
815039
858268
6088
63170
355731
455137
362367
653763
411754
138364
899467
116854
988313
691193
776946
431575
968115
148719
64372
542948
687316
490140
416064
853942
656409
78246
994419
389214
825147
951100
974508
404792
561860
527324
513447
819280
866027
438741
301365
356294
892226
293502
85364
58958
905099
842385
888369
191487
685104
370228
240864
272975
232632
282159
135959
876006
319551
742203
52626
891081
978492
21000
6960
277982
403918
638306
491241
592152
944601
547995
664404
842331
757173
817951
434134
408133
146934
726646
431603
258689
910441
40665
120169
538057
570626
867156
550755
161586
626447
31272
623056
27920
325323
344264
785319
570360
715240
235757
396826
944331
313834
558277
232346
33678
430484
105666
986573
375756
44456
693234
41149
320341
341624
854416
184131
826883
58802
311738
671308
512575
148262
753075
112427
262497
448172
546430
75875
387813
425666
989756
287458
645408
671252
489631
21037
680100
556479
978306
744924
951671
212835
326143
268219
857026
609003
438760
981065
588244
348769
504443
790622
810759
181357
375855
211851
295034
992168
587757
437195
759409
93279
693113
545686
576349
227866
898316
188480
104782
865525
201630
341871
763014
785052
704769
945796
412722
930970
505325
805297
431169
620213
469137
421628
714770
592333
864681
615919
112241
761032
814111
45420
640399
806731
963547
167526
668000
514264
203974
283493
132232
142006
863179
454910
616306
915385
507327
200497
548618
575878
747265
857565
469222
279171
251142
622570
540319
538327
845941
280119
862134
212107
260030
179069
221288
986216
30811
869198
161674
916361
841623
772855
77123
601304
294629
496027
473955
239215
656549
30468
4038
517458
259312
143100
975639
868413
302530
553259
40611
868248
918429
289544
841850
323132
504353
414370
219579
272122
440411
640138
928992
129022
522633
904466
318765
826881
856676
804535
737437
152382
626606
793156
14702
759167
270512
781445
878470
623994
539196
397381
588306
388477
989904
701871
313847
328997
320184
87002
81715
758676
761746
158287
590137
855545
774188
71206
59183
758349
840207
891003
403034
3680
628002
872244
53522
968260
334663
183790
992210
93489
310501
153752
27163
903114
909161
44354
359927
832778
708959
944293
282534
982251
721762
60518
716801
554863
41850
121867
233490
908663
541660
328162
970406
935907
757791
236457
805844
139274
53783
74714
498642
382457
798454
647786
537897
791374
885556
547149
731335
850824
990998
450243
400611
860485
540684
981539
831056
774917
289706
906414
936224
304456
101468
156811
407379
860496
676726
708923
27761
134476
670889
883571
239514
349425
553574
159605
302005
781339
284701
518959
160193
319487
487257
286812
465784
453032
283168
232787
121016
421391
765767
495707
11858
416272
629362
856114
450282
585637
482600
598850
990313
376959
575
940831
45782
471555
29499
502208
856774
456960
461221
931077
257680
542894
397887
748158
948161
341475
918680
949658
841317
973860
800459
67838
503000
478845
975084
996751
583110
732473
610981
140384
561896
511449
617049
208587
477757
925814
703876
74147
999532
318946
26178
979580
812759
950827
727965
142455
492998
262840
805655
945800
792867
30631
21790
793180
308979
382845
419633
980509
485353
684345
155577
694141
224773
756046
437471
338412
416774
286237
63561
603409
710709
314453
569004
527412
520806
172862
66974
612472
243080
707981
526590
203596
189334
420363
243930
711440
529610
332729
556236
426941
555337
602503
148124
682924
347639
181497
280687
834466
446904
741333
593629
35411
103486
625109
871142
338055
47826
44321
904568
513536
226155
320262
929485
938381
801341
516330
901344
991734
807657
190952
61537
736256
751675
909332
877878
913922
675153
65732
658768
977608
547547
530884
55211
525015
977943
623463
494384
935451
136153
754125
996458
182415
985048
561150
433833
680563
748902
638223
637903
167707
621831
84121
547663
521026
159743
877331
23570
707376
263973
583488
654058
292766
470159
789136
558944
908975
131332
100378
944036
752372
501984
451031
796320
536422
130911
382713
654381
42077
673944
252936
292726
924737
853975
113472
418224
764003
706373
217135
890717
673555
400544
813437
500943
894773
863734
779537
318307
396055
70435
524844
386724
206973
167139
806294
681942
178203
977964
274033
271360
181159
169238
762552
125964
582569
361728
982655
299808
926946
341832
647882
341044
282882
819033
94744
974801
434267
792558
501577
612774
524224
830255
263600
124239
926384
666563
156895
940244
10856
862511
382049
549332
901677
436816
843201
348764
497725
679462
795035
292137
551395
653253
745492
341005
500168
648597
458283
575058
976305
649478
639566
588099
146667
950013
891019
848851
636318
260709
946520
600191
537656
600318
573098
141037
524223
906153
725684
559409
106839
584006
355749
110710
322558
732436
588135
229237
68469
89708
152274
585120
412803
428651
808656
987610
568697
659233
950662
325541
425143
241521
597827
374826
719277
841878
570410
671397
82522
252918
684846
579697
693029
572864
935233
950737
708620
787302
342503
39714
917669
651778
943630
420009
745696
323126
986827
535044
894322
876637
280854
523364
624080
860937
280857
686653
890305
360222
979890
883650
538963
164712
69460
281142
823194
463432
4244
940831
999331
23208
883629
549516
489270
358080
667692
66783
496306
719807
756604
835965
266547
722807
318582
681657
251557
609077
427464
749404
617450
979413
63361
972383
737351
4541
959786
263372
620274
517168
732148
23006
829103
56468
776776
189786
721264
274436
614151
517763
833430
922349
633192
708089
311723
690940
117293
94734
929890
719732
544766
785821
257418
163658
310088
903115
150958
717508
505735
286851
738940
892469
747256
979910
162148
350301
824902
75047
0